problem_simple_4_4_od1_n1.pddl,1,0.00301599502563,1,0.00284218788147
problem_simple_4_4_od1_n10.pddl,3,0.00290894508362,3,0.00294804573059
problem_simple_4_4_od1_n2.pddl,5,0.0029079914093,5,0.00301504135132
problem_simple_4_4_od1_n3.pddl,5,0.00312304496765,5,0.00310492515564
problem_simple_4_4_od1_n4.pddl,7,0.00295400619507,7,0.00320792198181
problem_simple_4_4_od1_n5.pddl,3,0.00356006622314,3,0.00360703468323
problem_simple_4_4_od1_n6.pddl,5,0.00290083885193,5,0.00305700302124
problem_simple_4_4_od1_n7.pddl,6,0.00293111801147,6,0.00298118591309
problem_simple_4_4_od1_n8.pddl,3,0.00302910804749,3,0.00304579734802
problem_simple_4_4_od1_n9.pddl,6,0.00293898582458,6,0.00301790237427
