problem,np_actions,np_t,probe_actions,probe_t
relative_10_4_d1_n1,7,0.00368309020996,7,0.00414991378784
relative_10_4_d1_n10,11,0.0037260055542,11,0.00445699691772
relative_10_4_d1_n2,10,0.00364398956299,10,0.00459694862366
relative_10_4_d1_n3,7,0.00391101837158,7,0.00390005111694
relative_10_4_d1_n4,5,0.00369501113892,5,0.00388407707214
relative_10_4_d1_n5,8,0.00356388092041,8,0.0042200088501
relative_10_4_d1_n6,9,0.00508499145508,9,0.00442385673523
relative_10_4_d1_n7,9,0.00406885147095,9,0.0042028427124
relative_10_4_d1_n8,11,0.00373721122742,11,0.00453901290894
relative_10_4_d1_n9,9,0.0036609172821,9,0.00489401817322
legacy_10_4_d1_n1,-,-,10,0.739299058914
legacy_10_4_d1_n10,-,-,12,0.302628040314
legacy_10_4_d1_n2,-,-,15,3.75548291206
legacy_10_4_d1_n3,16,0.716044902802,9,0.336346149445
legacy_10_4_d1_n4,8,0.0872271060944,5,0.125262022018
legacy_10_4_d1_n5,-,-,8,0.737275838852
legacy_10_4_d1_n6,-,-,10,0.240414857864
legacy_10_4_d1_n7,-,-,9,0.55263209343
legacy_10_4_d1_n8,-,-,18,0.501084089279
legacy_10_4_d1_n9,-,-,11,0.391688108444
oriented_10_4_d1_n1,7,0.00829792022705,7,0.0083749294281
oriented_10_4_d1_n10,12,0.00795698165894,11,0.00899696350098
oriented_10_4_d1_n2,10,0.0162270069122,10,0.00903987884521
oriented_10_4_d1_n3,8,0.00807118415833,7,0.00824499130249
oriented_10_4_d1_n4,6,0.00798487663269,5,0.00805401802063
oriented_10_4_d1_n5,8,0.0079071521759,8,0.00905084609985
oriented_10_4_d1_n6,9,0.0080509185791,9,0.00869703292847
oriented_10_4_d1_n7,9,0.00822997093201,9,0.00869297981262
oriented_10_4_d1_n8,11,0.00805592536926,11,0.00913500785828
oriented_10_4_d1_n9,9,0.00797891616821,9,0.00899004936218
simplified_10_4_d1_n1,10,0.0963640213013,8,0.0730979442596
simplified_10_4_d1_n10,14,0.110988140106,12,0.0817830562592
simplified_10_4_d1_n2,13,0.122735023499,13,0.168586015701
simplified_10_4_d1_n3,8,0.0684459209442,10,0.276313781738
simplified_10_4_d1_n4,10,0.1903860569,6,0.0850818157196
simplified_10_4_d1_n5,9,0.0705981254578,9,0.223114013672
simplified_10_4_d1_n6,9,0.0645928382874,19,0.522592067719
simplified_10_4_d1_n7,9,0.0730290412903,9,0.346928834915
simplified_10_4_d1_n8,12,0.115649938583,14,0.113687038422
simplified_10_4_d1_n9,12,0.494863033295,10,0.121695995331
