problem,np_actions,np_t,probe_actions,probe_t
relative_10_8_d1_n1,13,0.00666499137878,13,0.00815796852112
relative_10_8_d1_n10,20,0.00648379325867,20,0.0099151134491
relative_10_8_d1_n2,20,0.00670504570007,20,0.00961112976074
relative_10_8_d1_n3,16,0.00699687004089,16,0.00887393951416
relative_10_8_d1_n4,24,0.00646305084229,24,0.0101640224457
relative_10_8_d1_n5,17,0.00647497177124,17,0.00890588760376
relative_10_8_d1_n6,24,0.0065758228302,24,0.00966787338257
relative_10_8_d1_n7,20,0.0061891078949,20,0.00924706459045
relative_10_8_d1_n8,16,0.00662612915039,16,0.00890016555786
relative_10_8_d1_n9,25,0.00612998008728,25,0.0106658935547
legacy_10_8_d1_n1,19,0.824872016907,23,7.00738596916
legacy_10_8_d1_n10,74,5.91322302818,24,3.02323913574
legacy_10_8_d1_n2,51,3.98136806488,25,2.87985491753
legacy_10_8_d1_n3,25,5.86251282692,19,1.65078687668
legacy_10_8_d1_n4,98,10.4716801643,30,12.9973580837
legacy_10_8_d1_n5,36,3.44590806961,20,1.01071190834
legacy_10_8_d1_n6,107,10.187100172,37,17.793639183
legacy_10_8_d1_n7,105,6.6812620163,31,6.57504701614
legacy_10_8_d1_n8,34,4.15231704712,24,2.97748112679
legacy_10_8_d1_n9,90,7.71853899956,30,2.67670178413
oriented_10_8_d1_n1,15,0.00444102287292,15,0.00571393966675
oriented_10_8_d1_n10,20,0.00433707237244,20,0.0064971446991
oriented_10_8_d1_n2,21,0.00489807128906,21,0.00669479370117
oriented_10_8_d1_n3,19,0.00451397895813,19,0.00582504272461
oriented_10_8_d1_n4,28,0.0044481754303,28,0.00663495063782
oriented_10_8_d1_n5,20,0.00455904006958,20,0.00601410865784
oriented_10_8_d1_n6,27,0.00433802604675,27,0.00649404525757
oriented_10_8_d1_n7,23,0.00440502166748,23,0.00590991973877
oriented_10_8_d1_n8,18,0.00437593460083,18,0.0063169002533
oriented_10_8_d1_n9,26,0.00438404083252,26,0.00651788711548
simplified_10_8_d1_n1,19,0.818922996521,23,7.15172719955
simplified_10_8_d1_n10,74,5.88690018654,24,3.1719429493
simplified_10_8_d1_n2,67,7.81192803383,25,3.23819994926
simplified_10_8_d1_n3,25,5.83700895309,19,1.68155789375
simplified_10_8_d1_n4,98,10.4172720909,30,13.4105041027
simplified_10_8_d1_n5,36,3.33811807632,20,1.01419591904
simplified_10_8_d1_n6,-,-,35,16.1961040497
simplified_10_8_d1_n7,105,6.97805786133,31,6.85124707222
simplified_10_8_d1_n8,34,4.11311602592,24,3.01953911781
simplified_10_8_d1_n9,90,7.65318393707,30,2.93108510971
