problem,np_actions,np_t,probe_actions,probe_t
relative_3_4_d1_n1,1,0.0025520324707,1,0.00300312042236
relative_3_4_d1_n10,2,0.00255703926086,2,0.00262999534607
relative_3_4_d1_n2,2,0.00247287750244,2,0.00287294387817
relative_3_4_d1_n3,1,0.0026969909668,1,0.00249314308167
relative_3_4_d1_n4,2,0.00260615348816,2,0.00244903564453
relative_3_4_d1_n5,3,0.00255990028381,3,0.00251889228821
relative_3_4_d1_n6,1,0.00270485877991,1,0.00255417823792
relative_3_4_d1_n7,3,0.00258898735046,3,0.00253415107727
relative_3_4_d1_n8,3,0.00265312194824,3,0.00272512435913
relative_3_4_d1_n9,1,0.00293183326721,1,0.00252604484558
legacy_3_4_d1_n1,1,0.0169820785522,1,0.00483322143555
legacy_3_4_d1_n10,6,0.018256187439,3,0.00475788116455
legacy_3_4_d1_n2,8,0.0282468795776,4,0.00522994995117
legacy_3_4_d1_n3,5,0.0179018974304,1,0.00367283821106
legacy_3_4_d1_n4,5,0.0184769630432,3,0.00525784492493
legacy_3_4_d1_n5,7,0.0181791782379,4,0.00677800178528
legacy_3_4_d1_n6,6,0.0186657905579,2,0.0045120716095
legacy_3_4_d1_n7,5,0.0172657966614,3,0.00519800186157
legacy_3_4_d1_n8,6,0.0177910327911,4,0.00446581840515
legacy_3_4_d1_n9,6,0.0197420120239,2,0.00462102890015
