problem,np_actions,np_t,probe_actions,probe_t
relative_3_8_d1_n1,5,0.00308299064636,5,0.00318789482117
relative_3_8_d1_n10,1,0.00294899940491,1,0.0028030872345
relative_3_8_d1_n2,7,0.00309991836548,7,0.0029399394989
relative_3_8_d1_n3,3,0.00295281410217,3,0.00325608253479
relative_3_8_d1_n4,5,0.00300312042236,5,0.00274705886841
relative_3_8_d1_n5,3,0.00296807289124,3,0.00279998779297
relative_3_8_d1_n6,4,0.00284385681152,4,0.00273585319519
relative_3_8_d1_n7,2,0.0029821395874,2,0.0031681060791
relative_3_8_d1_n8,3,0.00302195549011,3,0.00307893753052
relative_3_8_d1_n9,4,0.00343108177185,4,0.00295090675354
legacy_3_8_d1_n1,7,0.0670921802521,10,0.0216331481934
legacy_3_8_d1_n10,7,0.0646510124207,3,0.00957918167114
legacy_3_8_d1_n2,15,0.105939865112,11,0.0455939769745
legacy_3_8_d1_n3,4,0.0648808479309,4,0.0152399539948
legacy_3_8_d1_n4,54,0.420439958572,7,0.0139038562775
legacy_3_8_d1_n5,5,0.0642788410187,4,0.0113499164581
legacy_3_8_d1_n6,8,0.0865120887756,8,0.0180978775024
legacy_3_8_d1_n7,8,0.0724260807037,5,0.0113010406494
legacy_3_8_d1_n8,30,0.264848947525,7,0.0167639255524
legacy_3_8_d1_n9,5,0.0986869335175,4,0.0202400684357
oriented_3_8_d1_n1,10,0.00763416290283,6,0.00622916221619
oriented_3_8_d1_n10,4,0.00755500793457,3,0.00620818138123
oriented_3_8_d1_n2,8,0.00782513618469,5,0.00654602050781
oriented_3_8_d1_n3,3,0.00775098800659,3,0.00622510910034
oriented_3_8_d1_n4,7,0.0076858997345,5,0.00633096694946
oriented_3_8_d1_n5,4,0.00758504867554,3,0.00677704811096
oriented_3_8_d1_n6,8,0.00767588615417,6,0.00640296936035
oriented_3_8_d1_n7,6,0.0076630115509,5,0.00692081451416
oriented_3_8_d1_n8,9,0.00877904891968,7,0.00651502609253
oriented_3_8_d1_n9,7,0.00773406028748,4,0.00626397132874
simplified_3_8_d1_n1,9,0.0873680114746,9,0.00733804702759
simplified_3_8_d1_n10,5,0.0334029197693,3,0.00618600845337
simplified_3_8_d1_n2,10,0.0415918827057,12,0.00985097885132
simplified_3_8_d1_n3,4,0.0333590507507,4,0.00643491744995
simplified_3_8_d1_n4,6,0.0401890277863,6,0.0116529464722
simplified_3_8_d1_n5,4,0.03391289711,4,0.00613284111023
simplified_3_8_d1_n6,10,0.0488481521606,8,0.00954103469849
simplified_3_8_d1_n7,6,0.0402600765228,6,0.00673604011536
simplified_3_8_d1_n8,7,0.0563549995422,7,0.0070469379425
simplified_3_8_d1_n9,4,0.0330770015717,4,0.00613403320312
