problem,np_actions,np_t,probe_actions,probe_t
relative_7_4_d1_n1,8,0.00324487686157,8,0.00337195396423
relative_7_4_d1_n10,6,0.00326490402222,6,0.00327610969543
relative_7_4_d1_n2,4,0.00333094596863,4,0.00315093994141
relative_7_4_d1_n3,4,0.00326108932495,4,0.00317907333374
relative_7_4_d1_n4,7,0.00315093994141,7,0.00321888923645
relative_7_4_d1_n5,7,0.00335097312927,7,0.00350904464722
relative_7_4_d1_n6,7,0.00346088409424,7,0.00335597991943
relative_7_4_d1_n7,6,0.00320386886597,6,0.00379610061646
relative_7_4_d1_n8,7,0.00329089164734,7,0.00344300270081
relative_7_4_d1_n9,5,0.00311803817749,5,0.00337505340576
legacy_7_4_d1_n1,11,1.19074487686,12,0.153140068054
legacy_7_4_d1_n10,7,0.122811079025,7,0.0567619800568
legacy_7_4_d1_n2,12,0.082300901413,14,0.10387301445
legacy_7_4_d1_n3,8,0.0493171215057,6,0.0425128936768
legacy_7_4_d1_n4,18,0.0754060745239,13,0.100782871246
legacy_7_4_d1_n5,8,0.050920009613,8,0.0591640472412
legacy_7_4_d1_n6,9,0.107885122299,8,0.135035991669
legacy_7_4_d1_n7,8,0.0524160861969,10,0.10909485817
legacy_7_4_d1_n8,16,0.110918045044,10,0.115308046341
legacy_7_4_d1_n9,10,0.0588080883026,13,0.306240081787
oriented_7_4_d1_n1,9,0.00678992271423,7,0.00637793540955
oriented_7_4_d1_n10,6,0.00617599487305,5,0.00579714775085
oriented_7_4_d1_n2,6,0.00680088996887,6,0.005854845047
oriented_7_4_d1_n3,8,0.00699400901794,6,0.00590491294861
oriented_7_4_d1_n4,6,0.0147211551666,6,0.00619220733643
oriented_7_4_d1_n5,8,0.00645899772644,8,0.00637698173523
oriented_7_4_d1_n6,5,0.00625491142273,6,0.00618505477905
oriented_7_4_d1_n7,8,0.00623989105225,7,0.00585699081421
oriented_7_4_d1_n8,7,0.00655007362366,6,0.00584006309509
oriented_7_4_d1_n9,6,0.00604510307312,6,0.00599002838135
simplified_7_4_d1_n1,9,0.198234081268,13,0.205420017242
simplified_7_4_d1_n10,6,0.0332891941071,6,0.0181720256805
simplified_7_4_d1_n2,6,0.0326428413391,12,0.0340800285339
simplified_7_4_d1_n3,6,0.0321269035339,6,0.0144371986389
simplified_7_4_d1_n4,8,0.108319997787,8,0.0826470851898
simplified_7_4_d1_n5,9,0.108644008636,9,0.0244250297546
simplified_7_4_d1_n6,7,0.0338761806488,9,0.045520067215
simplified_7_4_d1_n7,10,0.101065158844,16,0.145560979843
simplified_7_4_d1_n8,7,0.0650660991669,7,0.0247831344604
simplified_7_4_d1_n9,7,0.0336239337921,7,0.0443649291992
