problem,np_actions,np_t,probe_actions,probe_t
relative_7_8_d1_n1,10,0.00451302528381,10,0.00516700744629
relative_7_8_d1_n10,16,0.00463795661926,16,0.00572919845581
relative_7_8_d1_n2,12,0.00436997413635,12,0.00524210929871
relative_7_8_d1_n3,13,0.00437092781067,13,0.00526309013367
relative_7_8_d1_n4,12,0.00432300567627,12,0.00530791282654
relative_7_8_d1_n5,20,0.00419688224792,20,0.00581288337708
relative_7_8_d1_n6,13,0.00479388237,13,0.00536417961121
relative_7_8_d1_n7,19,0.00472784042358,19,0.00573706626892
relative_7_8_d1_n8,13,0.00469088554382,13,0.00549793243408
relative_7_8_d1_n9,15,0.00431990623474,15,0.00527596473694
