problem_conditional_4_4_od1_n1.pddl,2,0.019868850708,1,0.00431203842163
problem_conditional_4_4_od1_n10.pddl,6,0.0220720767975,5,0.00811195373535
problem_conditional_4_4_od1_n2.pddl,7,0.0202078819275,8,0.00872206687927
problem_conditional_4_4_od1_n3.pddl,8,0.020868062973,4,0.0103449821472
problem_conditional_4_4_od1_n4.pddl,6,0.0218868255615,7,0.0095489025116
problem_conditional_4_4_od1_n5.pddl,6,0.0198290348053,5,0.00668811798096
problem_conditional_4_4_od1_n6.pddl,8,0.0208160877228,6,0.00765800476074
problem_conditional_4_4_od1_n7.pddl,6,0.0202641487122,6,0.00630283355713
problem_conditional_4_4_od1_n8.pddl,6,0.0197849273682,2,0.00501203536987
problem_conditional_4_4_od1_n9.pddl,15,0.0561909675598,9,0.00994300842285
